2211,89,231,109,108,730,454,731,704,729

2036,979,953,2913,952,3463,860,4366,3467,3053,2358,2723,1590,3469

1066,864,3470,3471,3472,3473,3474,3475,3476,3477,3478,498,2712,2744,2842,34803

34827,34831,34819,34828,34829,34820,884,2312,34823,34826,34830,34821,34822,34833,34825

225,654,34881,1703,631,490,3150,2492,34879,34875,5937,34876,627,5820

34788,1819,1073,34791,34782,614,34780,34790,34783,34787,34786,4046,3613,34785,34792,34784

1860,34761,34752,34764,34753,3139,3130,34771,34754,34762,34770,3686,34766,34768,29540,34767,34758,34759,34765

34797,2732,687,1446,1503,1667,34796,1818,34794,1032,34795,51699,1610,56243,3665,401852,71063,3620

2200,34885,34888,1966,3910,4179,5674,34886,4180,3610,34890,3184,3944,628,34889,34887

78861,78862,78727,72461,78863,78864,78865,78866,78867,68291,78868,78870,51034,78871,78872,78873,78874
